g = 9.81;
l = 10;
t0 = 0;
xe = [0 0 0 0];
ue = 0;
x0 = [0 0 0 0];
tf = 2;
pas = 0.005;