g = 9.81;
l = 10;
t0 = 0;
xe = [0 0];
ue = 0;
x0 = [pi/20 0];
K =  [10 1];
tf = 100;