g = 9.81;
l = 10;
t0 = 0;
xe = [0 0];
ue = 0;
x0 = [pi/10 0];
K =  [30 1];
tf = 100;